1.57967209815979
1.5586180686950684
1.5586717128753662
1.5573458671569824
1.5526227951049805
1.5669374465942383
1.5493061542510986
1.541560173034668
1.5612123012542725
1.562086582183838
1.5246706008911133
1.5574510097503662
1.539715051651001
1.5607633590698242
1.5578804016113281
1.5421416759490967
1.5597453117370605
1.5475876331329346
1.5186338424682617
1.5627472400665283
1.552736759185791
1.5518827438354492
1.5642602443695068
1.547271490097046
1.5500679016113281
1.5270905494689941
1.5508337020874023
1.5555899143218994
1.5401558876037598
1.5428218841552734
