1.5973942279815674
1.553109884262085
1.5557925701141357
1.5819091796875
1.5830578804016113
1.602454662322998
1.5718934535980225
1.5858378410339355
1.581258773803711
1.5675415992736816
1.563551902770996
1.5713579654693604
1.5482001304626465
1.598121166229248
1.5589399337768555
1.585801362991333
1.585092544555664
1.5897161960601807
1.5890460014343262
1.58258056640625
1.56007981300354
1.5621562004089355
1.6122140884399414
1.5815656185150146
1.5623431205749512
1.583695650100708
1.5850117206573486
1.5873510837554932
1.586564064025879
1.5869574546813965

