29.77135992050171
29.517338037490845
30.15779399871826
31.092626810073853
30.497435569763184
34.6889443397522
30.903308868408203
32.958038568496704
33.92567300796509
35.11457943916321
33.76301980018616
31.582630157470703
34.249765396118164
33.32444643974304
34.128114223480225
33.583089113235474
34.44002437591553
33.77526235580444
33.76838207244873
33.6129846572876
33.37717628479004
34.60994219779968
31.71275234222412
33.217188119888306
33.3668532371521
31.982850790023804
31.315343856811523
30.35702657699585
31.166265726089478
29.586767435073853
